4294967279,111
4294967279,110
4294967279,109
4294967279,121
4294967279,120
4294967279,119
4294967279,118
4294967279,117
4294967279,116
4294967279,115
4294967279,114
4294967279,113
4294967279,112
4294967279,527
4294967278,18
4294967278,17
4294967278,16
4294967278,15
4294967278,14
4294967278,13
4294967278,12
4294967278,11
4294967278,10
4294967278,9
4294967278,8
4294967278,7
4294967278,6
4294967278,5
4294967278,4
4294967279,132
4294967279,131
4294967279,130
4294967279,129
4294967279,128
4294967279,127
4294967279,126
4294967279,125
4294967279,124
4294967279,123
4294967279,122
4294967278,154
4294967279,526
4294967278,337
4294967279,152
4294967278,152
4294967279,524
4294967278,335
4294967279,150
4294967278,150
4294967279,149
4294967278,149
4294967279,148
4294967278,148
4294967279,147
4294967278,147
4294967279,146
4294967278,146
4294967279,145
4294967278,145
4294967279,144
4294967278,144
4294967278,143
4294967278,142
4294967279,141
4294967278,141
4294967279,140
4294967278,140
4294967279,139
4294967278,380
4294967279,567
4294967278,138
4294967279,272
4294967279,286
4294967278,136
4294967279,285
4294967278,135
4294967278,134
4294967279,133
4294967278,133
4294967278,276
4294967279,270
4294967279,283
4294967278,287
4294967279,279
4294967278,44
4294967278,43
4294967278,42
4294967278,41
4294967278,40
4294967278,39
4294967278,38
4294967278,37
4294967278,36
4294967278,35
4294967278,34
4294967278,33
4294967278,32
4294967278,31
4294967278,30
4294967278,29
4294967278,28
4294967278,27
4294967278,26
4294967278,25
4294967278,24
4294967278,23
4294967278,22
4294967278,21
4294967278,20
4294967278,19
4294967279,282
4294967279,265
4294967279,264
4294967279,263
4294967279,517
4294967279,256
4294967279,255
4294967279,254
4294967279,253
4294967278,258
4294967278,257
4294967279,566
4294967278,379
4294967278,326
4294967278,325
4294967278,324
42,5
42,4
4294967278,323
42,3
42,2
42,1
4294967278,378
4294967278,322
4294967278,254
41,4
4294967278,321
41,3
41,2
41,1
4294967278,252
4294967278,253
4294967278,250
40,4
4294967278,248
40,3
40,2
40,1
4294967278,247
4294967278,246
4294967278,244
39,4
4294967278,242
39,3
39,2
39,1
4294967278,241
4294967278,240
4294967278,238
38,4
4294967278,237
38,3
38,2
38,1
4294967278,365
4294967294,1417
4294967294,437
4294967278,236
4294967278,234
37,6
4294967278,232
37,5
37,4
4294967278,230
37,3
37,2
37,1
4294967278,229
4294967278,228
4294967278,226
36,5
4294967278,224
36,4
36,3
36,2
36,1
4294967278,222
4294967278,220
4294967278,218
35,4
35,3
35,2
35,1
4294967278,216
4294967278,302
4294967278,351
4294967278,349
4294967278,350
4294967278,57
4294967278,301
4294967278,56
4294967278,55
4294967278,347
4294967278,54
4294967278,53
4294967278,52
4294967278,51
4294967278,50
4294967278,49
4294967278,48
4294967278,47
4294967278,46
4294967278,45
4294967279,299
4294967279,298
4294967279,75
4294967279,74
4294967279,297
4294967279,72
4294967279,296
4294967279,70
4294967279,547
4294967279,68
4294967279,546
4294967279,67
4294967279,65
4294967279,543
4294967279,64
4294967279,542
4294967279,63
4294967279,541
4294967279,62
4294967279,295
4294967279,60
4294967279,540
4294967279,59
4294967279,537
4294967279,57
4294967279,56
4294967279,536
4294967279,54
4294967279,53
4294967279,51
4294967279,49
4294967279,48
4294967279,47
4294967279,46
4294967279,45
4294967279,44
4294967279,43
4294967279,42
4294967279,40
4294967279,39
4294967279,38
4294967279,35
4294967279,33
4294967278,214
4294967278,213
34,4
34,3
34,2
34,1
4294967278,212
4294967294,176
4294967294,185
4294967294,966
4294967294,898
4294967294,902
4294967278,211
4294967278,210
33,4
33,3
33,2
33,1
4294967278,209
4294967278,208
4294967278,207
32,5
32,4
4294967278,206
32,3
32,2
32,1
4294967278,377
4294967278,205
4294967278,204
31,4
4294967278,203
31,3
31,2
31,1
4294967278,313
4294967278,202
4294967294,468
4294967278,363
4294967278,200
4294967278,312
4294967279,565
4294967278,362
4294967279,564
4294967279,563
4294967278,376
4294967278,375
4294967278,310
4294967278,195
4294967278,311
4294967278,309
4294967294,469
4294967294,388
4294967294,387
4294967278,308
4294967278,307
4294967294,89
4294967278,374
4294967278,190
4294967278,306
4294967279,562
4294967279,561
4294967278,361
4294967279,549
4294967279,560
4294967278,373
4294967278,360
4294967279,559
4294967278,305
4294967278,185
4294967278,359
4294967279,558
4294967278,372
4294967294,392
